9 0.0 0.174289266374 100 8.92857142857
9 0.0 0.333906222198 200 9.70873786408
9 0.0 0.333613651074 300 10.6761565836
9 0.0 0.390933503759 400 10.6382978723
9 0.0 0.478913157073 500 10.5708245243
9 0.0 0.568024514435 600 10.5448154657
9 0.0 0.549010366916 700 10.3703703704
9 0.000330252268056 0.561408448995 800 10.3626943005
19 0.0 0.173864203185 100 9.52380952381
19 0.0 0.337818755084 200 10.0
19 0.0 0.376232497963 300 10.9489051095
19 0.0 0.420787156802 400 10.8108108108
19 0.0 0.489907065277 500 10.7066381156
19 0.0 0.576971412359 600 10.6571936057
19 0.0 0.558906289247 700 10.447761194
19 0.0 0.556902121785 800 10.4575163399
29 0.0 0.0915603395933 100 10.0
29 0.0 0.237321385108 200 10.2040816327
29 0.0 0.277954134513 300 11.1940298507
29 0.0 0.346621084389 400 10.9289617486
29 0.0 0.409347618362 500 10.8225108225
29 0.0 0.480389800266 600 10.752688172
29 0.0 0.466493914697 700 10.5105105105
29 0.000263298557434 0.466019493162 800 10.5401844532
39 0.0 0.0556304339038 100 10.5263157895
39 0.0 0.118637660237 200 10.4166666667
39 0.0 0.148597659715 300 11.3636363636
39 0.0 0.237855628101 400 11.0192837466
39 0.0 0.307912288952 500 10.9170305677
39 0.0 0.353447902559 600 10.8303249097
39 0.000464156660923 0.358335774275 700 10.5421686747
39 0.000514614786203 0.362087004528 800 10.6100795756
49 0.0 0.0590203240905 100 10.989010989
49 0.0 0.166487078516 200 10.6382978723
49 0.0 0.204535164009 300 11.5384615385
49 0.0 0.28594681552 400 11.08033241
49 0.0 0.342729220743 500 10.9649122807
49 0.0 0.388252535943 600 10.889292196
49 0.000423321176496 0.395646328004 700 10.5580693816
49 0.000418531708784 0.383884073493 800 10.6809078772
59 0.0 0.0924551514121 100 11.3636363636
59 0.0 0.191273834372 200 10.752688172
59 0.0 0.243470319912 300 11.6279069767
59 0.0 0.328864522249 400 11.08033241
59 0.0 0.374844240047 500 11.013215859
59 0.0 0.4193545758 600 10.9090909091
59 0.000381701685575 0.431055986704 700 10.5580693816
59 0.000358776939902 0.40606583061 800 10.7238605898
69 0.0 0.151629001263 100 11.4942528736
69 0.0 0.211032404599 200 10.9289617486
69 0.0 0.27279697997 300 11.6279069767
69 0.0 0.353208727142 400 11.08033241
69 0.0 0.394343656988 500 10.989010989
69 0.0 0.430579750406 600 10.9090909091
69 0.000416558346549 0.44730173766 700 10.5580693816
69 0.000300078314654 0.407965168162 800 10.7671601615
79 0.0 0.202650842185 100 11.4942528736
79 0.0 0.210403848252 200 11.0497237569
79 0.0 0.276712184886 300 11.583011583
79 0.0 0.360804784032 400 11.0497237569
79 0.0 0.398736328805 500 10.9409190372
79 0.0 0.420448380641 600 10.889292196
79 0.000391693753163 0.444881818584 700 10.5580693816
79 0.000281751440451 0.396227413763 800 10.7962213225
89 0.0 0.258514203738 100 11.4942528736
89 0.0 0.248081160359 200 11.2359550562
89 0.0 0.293247837785 300 11.5384615385
89 0.0 0.374113254184 400 11.0497237569
89 0.0 0.432471381053 500 10.9170305677
89 0.0 0.427335713905 600 10.8499095841
89 0.000410112742919 0.449634221511 700 10.5580693816
89 0.000279627208124 0.396921690295 800 10.8254397835
99 0.0 0.243055434578 100 11.2359550562
99 0.0 0.222573456962 200 11.4285714286
99 0.0 0.292078526105 300 11.4503816794
99 0.0 0.381720956007 400 11.0192837466
99 0.0 0.438505856364 500 10.9170305677
99 0.0 0.42235138967 600 10.7913669065
99 0.000452617463167 0.449308379463 700 10.5580693816
99 0.000369917082833 0.403781279693 800 10.854816825
109 0.0 0.241915766525 100 10.8695652174
109 0.0 0.229100349064 200 11.5606936416
109 0.0 0.306801954168 300 11.4068441065
109 0.0 0.392193841855 400 11.0192837466
109 0.0 0.443322039417 500 10.9170305677
109 0.0 0.426531054544 600 10.6951871658
109 0.000456370837795 0.444338286126 700 10.5740181269
109 0.000349416747264 0.399738861296 800 10.854816825
119 0.0 0.251156198487 100 10.4166666667
119 0.0 0.256937978687 200 11.6959064327
119 0.0 0.346796908168 300 11.320754717
119 0.0 0.418731491822 400 11.0192837466
119 0.0 0.479569951177 500 10.8932461874
119 0.0 0.44955818354 600 10.6194690265
119 0.000418644286217 0.456147604098 700 10.5900151286
119 0.000290782171146 0.407830200628 800 10.8254397835
129 0.0 0.225114738779 100 10.2040816327
129 0.0 0.277464050884 200 11.7647058824
129 0.0 0.39518955359 300 11.1524163569
129 0.0 0.451587135746 400 10.989010989
129 0.0 0.502791387567 500 10.8695652174
129 0.000143502083414 0.47352114356 600 10.5448154657
129 0.000436088916405 0.476033753521 700 10.5900151286
129 0.000295293836751 0.427663616886 800 10.7962213225
139 0.0 0.0803808371138 100 10.101010101
139 0.0 0.269171738832 200 11.6959064327
139 0.0 0.463155134194 300 11.0294117647
139 0.0 0.502231184842 400 10.9289617486
139 0.0 0.520022319964 500 10.8225108225
139 0.000302937624707 0.493316098763 600 10.4529616725
139 0.000465052380703 0.502792093236 700 10.6060606061
139 0.0 0.472578197683 800 10.7671601615
149 0.0 0.0931914941112 100 10.101010101
149 0.0 0.312886091916 200 11.6279069767
149 0.0 0.493056851526 300 10.9489051095
149 0.0 0.516899908954 400 10.8695652174
149 0.0 0.5212157914 500 10.7991360691
149 0.000386723842671 0.512637452356 600 10.3986135182
149 0.000425182116204 0.502422008831 700 10.6382978723
149 0.0 0.483665860044 800 10.752688172
159 0.0 0.06542163811 100 10.3092783505
159 0.0 0.340776659002 200 11.5606936416
159 0.0 0.578786561296 300 10.8695652174
159 0.0 0.577519965451 400 10.781671159
159 0.0 0.527461873553 500 10.752688172
159 0.000111406586317 0.528970821829 600 10.3806228374
159 0.000239409319758 0.535187374195 700 10.6544901065
159 0.0 0.560516848388 800 10.752688172
169 0.0 0.0723935570242 100 10.6382978723
169 0.0 0.378722657409 200 11.4942528736
169 0.0 0.592069053268 300 10.8303249097
169 0.0 0.578051964718 400 10.752688172
169 0.0 0.509788268765 500 10.7296137339
169 0.000439094231963 0.538047894273 600 10.3806228374
169 0.000369570232684 0.539669944884 700 10.7033639144
169 0.0 0.563720532816 800 10.7671601615
179 0.0 0.0995675417862 100 10.989010989
179 0.0 0.435009907578 200 11.4285714286
179 0.0 0.604669376553 300 10.8303249097
179 0.0 0.61055181591 400 10.752688172
179 0.0 0.512149777836 500 10.6837606838
179 0.000486047659559 0.552240560238 600 10.3986135182
179 0.000457862001865 0.548071895315 700 10.736196319
179 0.0 0.582006492372 800 10.7671601615
189 0.0 0.152619677891 100 11.4942528736
189 0.0 0.481985257017 200 11.4942528736
189 0.0 0.616649562918 300 10.9090909091
189 0.0 0.626176173873 400 10.8108108108
189 0.0 0.529031781376 500 10.6382978723
189 0.000475631813728 0.565393151232 600 10.4347826087
189 0.000457590236712 0.55552574006 700 10.7858243451
189 0.0 0.593371457733 800 10.752688172
199 0.0 0.222524679547 100 12.0481927711
199 0.0 0.533661185544 200 11.5606936416
199 0.0 0.639749775519 300 11.0294117647
199 0.0 0.647258653094 400 10.8695652174
199 0.0 0.548340103092 500 10.6382978723
199 0.000447554909321 0.585808069706 600 10.4895104895
199 0.000378020840704 0.566629233486 700 10.8191653787
199 0.0 0.609650213621 800 10.7382550336
209 0.0 0.290954202292 100 12.8205128205
209 0.0 0.582066278919 200 11.6959064327
209 0.0 0.656782808121 300 11.1111111111
209 0.0 0.675067945577 400 10.9289617486
209 0.0 0.569862692689 500 10.6157112527
209 0.000288293622653 0.592789027049 600 10.5633802817
209 0.000189262642677 0.556739790468 700 10.8527131783
209 0.0 0.616410561587 800 10.7095046854
219 0.0 0.386155629423 100 13.3333333333
219 0.0 0.626631275402 200 11.6959064327
219 0.0 0.664357440846 300 11.1940298507
219 0.0 0.684564205107 400 10.989010989
219 0.0 0.594082414412 500 10.593220339
219 0.0 0.602307315865 600 10.6007067138
219 0.0 0.555769532298 700 10.8527131783
219 0.0 0.619955966499 800 10.6666666667
229 0.0 0.438217354456 100 13.698630137
229 0.0 0.67686690626 200 11.5606936416
229 0.0 0.667694192842 300 11.1940298507
229 0.0 0.667444586088 400 10.989010989
229 0.0 0.590623012452 500 10.5485232068
229 0.0 0.582059016721 600 10.6382978723
229 0.0 0.53865600136 700 10.8527131783
229 0.0 0.533537387176 800 10.5960264901
239 0.0 0.488178031279 100 13.698630137
239 0.0 0.706159075241 200 11.4285714286
239 0.0 0.665841608507 300 11.1524163569
239 0.0 0.651401490832 400 10.9589041096
239 0.0 0.592564378233 500 10.4821802935
239 0.0 0.569103216286 600 10.6761565836
239 0.0 0.562033785504 700 10.8359133127
239 0.0 0.512490179769 800 10.5124835742
249 0.0 0.521759763332 100 13.1578947368
249 0.0 0.705709957673 200 11.2359550562
249 0.0 0.653873169852 300 10.989010989
249 0.0 0.611298394052 400 10.8991825613
249 0.0 0.571448477 500 10.395010395
249 0.0 0.54309170803 600 10.6951871658
249 0.0 0.542808326533 700 10.8191653787
249 0.0 0.475844474806 800 10.4438642298
259 0.0 0.508265577082 100 12.5
259 0.0 0.645921730172 200 10.9289617486
259 0.0 0.576775731063 300 10.7913669065
259 0.0 0.509167497337 400 10.752688172
259 0.000252859181585 0.500938564342 500 10.3305785124
259 0.000273452493055 0.470496303071 600 10.6951871658
259 0.0 0.480601233374 700 10.7858243451
259 0.0 0.409179721929 800 10.3896103896
269 0.0 0.257235196045 100 11.6279069767
269 0.0 0.312790692202 200 10.6951871658
269 0.0 0.258914949038 300 10.6007067138
269 0.0 0.206894393741 400 10.5540897098
269 0.000743892814997 0.222600495892 500 10.2459016393
269 0.00065281765654 0.220504727365 600 10.6571936057
269 0.0 0.244992238196 700 10.7033639144
269 0.0 0.20515920715 800 10.3225806452
279 0.0 0.285451010925 100 10.989010989
279 0.0 0.29892318174 200 10.4712041885
279 0.0 0.251622080307 300 10.4895104895
279 0.0 0.204913417655 400 10.3092783505
279 0.000792766404553 0.222155655818 500 10.2040816327
279 0.000684350247158 0.219252387682 600 10.6194690265
279 0.0 0.247400122105 700 10.5580693816
279 0.0 0.196072083154 800 10.2564102564
289 0.0 0.129390047202 100 10.4166666667
289 0.0 0.118868672378 200 10.3092783505
289 0.0 0.109198533681 300 10.3448275862
289 0.000594938254514 0.105617889491 400 10.101010101
289 0.000776876226798 0.117523697638 500 10.162601626
289 0.00061036954009 0.130900083783 600 10.5263157895
289 0.0 0.156881962889 700 10.4011887073
289 0.0 0.130261805941 800 10.1910828025
299 0.0 0.129173121035 100 10.0
299 0.0 0.102739295027 200 10.2040816327
299 0.0 0.104041796529 300 10.2739726027
299 0.000742699908213 0.106536314314 400 9.97506234414
299 0.000786410165967 0.114268382527 500 10.162601626
299 0.000595401362605 0.133105969412 600 10.4712041885
299 0.0 0.154241386772 700 10.2639296188
299 0.0 0.128250928751 800 10.1394169835
309 0.0 0.178331888237 100 9.70873786408
309 0.0 0.125060502814 200 10.152284264
309 0.0 0.12522539248 300 10.2389078498
309 0.000809303931135 0.123665327487 400 9.87654320988
309 0.000766700217924 0.123729529147 500 10.183299389
309 0.0 0.141532498133 600 10.4529616725
309 0.0 0.154125512082 700 10.1596516691
309 0.0 0.130057372019 800 10.0628930818
319 0.0 0.209323836099 100 9.61538461538
319 0.0 0.143056480904 200 10.101010101
319 0.0 0.14120766646 300 10.2389078498
319 0.000856284777127 0.141516091052 400 9.85221674877
319 0.000770021825679 0.135859938384 500 10.2459016393
319 0.0 0.154086783747 600 10.4529616725
319 0.0 0.157759011081 700 10.1156069364
319 0.0 0.137552210435 800 9.97506234414
329 0.0 0.214895294962 100 9.52380952381
329 0.0 0.145814849982 200 10.0502512563
329 0.0 0.143566182421 300 10.2389078498
329 0.000934959890475 0.14610276654 400 9.85221674877
329 0.000788556500036 0.138185105308 500 10.2880658436
329 0.0 0.156949524298 600 10.4895104895
329 0.0 0.154976148545 700 10.1156069364
329 0.000189197310975 0.133305688139 800 9.92555831266
339 0.0 0.119008244096 100 9.61538461538
339 0.000334691572547 0.0823527789214 200 10.0
339 0.000395998931169 0.0940636487435 300 10.2389078498
339 0.000932249444393 0.108377276934 400 9.85221674877
339 0.00075410546239 0.118553085702 500 10.3519668737
339 0.000309374256028 0.145055215302 600 10.5078809107
339 0.000140938886395 0.149417277765 700 10.1156069364
339 0.000287511259952 0.129856983556 800 9.91325898389
349 0.00061945166202 0.108485227662 100 9.61538461538
349 0.000366186673022 0.080532590001 200 10.0502512563
349 0.000501134958691 0.090812599824 300 10.2040816327
349 0.000916669685543 0.103839358193 400 9.90099009901
349 0.000740001481302 0.120272315948 500 10.4166666667
349 0.000329846160355 0.145834240722 600 10.5263157895
349 0.000163651226886 0.146794410406 700 10.1302460203
349 0.00031700838841 0.126724389626 800 9.92555831266
359 0.0013027634153 0.0851216306192 100 9.80392156863
359 0.000604311042766 0.0963458733513 200 10.101010101
359 0.000753477679908 0.0940326558196 300 10.1351351351
359 0.000929553276252 0.128568489894 400 9.92555831266
359 0.000743008947057 0.158690517692 500 10.4821802935
359 0.000444854366609 0.183946138952 600 10.5078809107
359 0.000348740817853 0.182539630566 700 10.1302460203
359 0.000432304385859 0.148895231543 800 9.93788819876
369 0.00114844494384 0.0860570931372 100 9.90099009901
369 0.000629798079067 0.089493193205 200 10.152284264
369 0.000865588928213 0.0904190195765 300 10.0334448161
369 0.000917722195588 0.125646033206 400 9.97506234414
369 0.000714613347715 0.159932187013 500 10.5042016807
369 0.000403702036276 0.180759557713 600 10.4529616725
369 0.000295279551059 0.171137217249 700 10.1302460203
369 0.000394100936075 0.144627757473 800 9.95024875622
379 0.000705180892775 0.0970215257804 100 10.0
379 0.000534082931942 0.0777792045013 200 10.2040816327
379 0.000792588541599 0.0755122167123 300 9.96677740864
379 0.000795295409971 0.128728772805 400 10.0250626566
379 0.000605017190548 0.175681554316 500 10.5263157895
379 0.000387133663395 0.182786437561 600 10.3986135182
379 0.000202420535586 0.179740558699 700 10.1302460203
379 0.000351021697764 0.146069101645 800 9.95024875622
389 0.000335814153355 0.0994022260578 100 10.2040816327
389 0.000532428344517 0.0678569350105 200 10.2564102564
389 0.000857012466032 0.0761774901187 300 9.93377483444
389 0.00076275918363 0.128461726998 400 10.101010101
389 0.000550772031606 0.177793996197 500 10.5263157895
389 0.000324926563272 0.177579915822 600 10.3448275862
389 0.000185478591097 0.170674157642 700 10.1449275362
389 0.000359915784821 0.138823110047 800 9.97506234414
399 0.0 0.11896913173 100 10.3092783505
399 0.000181833993649 0.0711033251423 200 10.3626943005
399 0.000806213143283 0.0883001165433 300 9.90099009901
399 0.000649667217552 0.142915042968 400 10.1781170483
399 0.000456965174949 0.189477846034 500 10.5485232068
399 5.75067286053e-05 0.206732187302 600 10.2739726027
399 0.0 0.168157749031 700 10.1449275362
399 0.00034153343172 0.133573326234 800 10.0
409 0.0 0.124513129339 100 10.4166666667
409 0.0 0.0686173619025 200 10.4166666667
409 0.00079335441041 0.0980212342265 300 9.90099009901
409 0.000602332634643 0.146956027297 400 10.2564102564
409 0.000395702222308 0.179897667727 500 10.5708245243
409 4.14560503591e-05 0.199711840282 600 10.2214650767
409 0.0 0.166288753002 700 10.101010101
409 0.000338800557997 0.127369232516 800 10.0250626566
419 0.0 0.103645559669 100 10.5263157895
419 0.0 0.0520781417284 200 10.4712041885
419 0.000763293249534 0.0900806590194 300 9.86842105263
419 0.000591706373474 0.133071801826 400 10.3626943005
419 0.000245171876795 0.158484316791 500 10.6157112527
419 0.0 0.174985030954 600 10.1867572156
419 9.02143814693e-05 0.139773147297 700 10.0286532951
419 0.000317231384893 0.116783776872 800 10.0502512563
429 0.0 0.0862443982589 100 10.4166666667
429 0.0 0.0432680711346 200 10.5263157895
429 0.000814540170458 0.082949476095 300 9.86842105263
429 0.000575545977517 0.123781301179 400 10.4438642298
429 0.000127272470124 0.143120716268 500 10.6382978723
429 0.0 0.152466292683 600 10.1867572156
429 0.000137898227132 0.130812521922 700 9.97150997151
429 0.00027625738902 0.1080040935 800 10.0882723834
439 0.0 0.071721475283 100 10.4166666667
439 0.0 0.0386427644152 200 10.5263157895
439 0.000748127079117 0.0759341270353 300 9.90099009901
439 0.000541341687136 0.117997307833 400 10.498687664
439 0.0 0.130241217991 500 10.6837606838
439 0.0 0.133247508195 600 10.1867572156
439 0.000119305800913 0.120287175442 700 9.94318181818
439 0.000208984682574 0.101670694765 800 10.1137800253
449 0.000301850186806 0.0457255442824 100 10.3092783505
449 0.0 0.0514336921261 200 10.4166666667
449 0.000762991440292 0.0695553500439 300 9.93377483444
449 0.00053202776465 0.107110811386 400 10.582010582
449 0.0 0.119672145946 500 10.6837606838
449 0.0 0.120118789129 600 10.1867572156
449 9.79612454881e-05 0.110607977561 700 9.94318181818
449 0.000203387723838 0.0998827057883 800 10.152284264
459 0.0 0.0533453990111 100 10.3092783505
459 0.000110106750958 0.0703471678242 200 10.2564102564
459 0.000757378886052 0.0756119505962 300 9.93377483444
459 0.000559058463443 0.106126645251 400 10.6382978723
459 0.0 0.117624636401 500 10.6609808102
459 0.0 0.114428144338 600 10.1694915254
459 0.000163060053678 0.105293091557 700 9.94318181818
459 0.000200004514832 0.0993841231378 800 10.1781170483
469 0.0 0.0554586882547 100 10.3092783505
469 0.000534577821743 0.0643283925299 200 10.0502512563
469 0.000774138386831 0.0778478091167 300 9.96677740864
469 0.000548353029333 0.114565106754 400 10.6382978723
469 0.0 0.120524930954 500 10.5485232068
469 0.0 0.113988086125 600 10.152284264
469 0.000136330629027 0.107495322717 700 9.92907801418
469 0.000186339332977 0.101665144689 800 10.2040816327
479 0.0 0.0690433806936 100 10.3092783505
479 0.000717136924907 0.068979435149 200 9.85221674877
479 0.000798030627673 0.0873820569291 300 10.0
479 0.000548973554897 0.123861765206 400 10.6100795756
479 0.0 0.130162164286 500 10.4166666667
479 0.0 0.120231592744 600 10.1351351351
479 0.000204104227308 0.108271421773 700 9.92907801418
479 0.000218191492584 0.104761991264 800 10.2301790281
489 0.0 0.0932226008116 100 10.2040816327
489 0.000927298433544 0.0786452796999 200 9.70873786408
489 0.000804737626157 0.0900934785037 300 10.067114094
489 0.000526642116061 0.12744487392 400 10.582010582
489 0.0 0.133340052309 500 10.3092783505
489 0.0 0.117490126988 600 10.101010101
489 0.000252792802363 0.107607604853 700 9.92907801418
489 0.000208335362142 0.105713635163 800 10.26957638
499 0.0 0.0989355208468 100 10.3092783505
499 0.00103047239172 0.0785992483824 200 9.61538461538
499 0.000782841862784 0.0947121949184 300 10.1351351351
499 0.00049736858763 0.131943214092 400 10.582010582
499 0.0 0.138213593735 500 10.183299389
499 0.0 0.119211077689 600 10.067114094
499 0.000271477998563 0.105850748285 700 9.94318181818
499 0.000207009258646 0.106839737353 800 10.296010296
509 0.0 0.107468437049 100 10.3092783505
509 0.00101255158843 0.0817386413091 200 9.52380952381
509 0.000750094942118 0.0985987618759 300 10.2040816327
509 0.0 0.126174618914 400 10.582010582
509 0.0 0.134014496206 500 10.1214574899
509 0.0 0.116380999077 600 9.96677740864
509 0.000266324527573 0.104549079512 700 9.9573257468
509 0.000202806368155 0.107938311731 800 10.3359173127
519 0.0 0.106820743162 100 10.4166666667
519 0.00113494911152 0.0856440828894 200 9.52380952381
519 0.000759507097886 0.106260024366 300 10.3092783505
519 0.0 0.130374595474 400 10.6382978723
519 0.0 0.135313665584 500 10.101010101
519 0.0 0.118284878442 600 9.88467874794
519 0.000267057425074 0.105858129474 700 10.0
519 0.000248236397004 0.111329412061 800 10.3761348898
529 0.0 0.101041642227 100 10.4166666667
529 0.00130116783067 0.0940661793997 200 9.56937799043
529 0.000847044130026 0.11785151041 300 10.4529616725
529 0.0 0.139514077491 400 10.6951871658
529 0.0 0.14153838509 500 10.1214574899
529 0.000213079668169 0.127439666754 600 9.85221674877
529 0.000292195515076 0.109216324352 700 10.0430416069
529 0.000278153423813 0.115432946739 800 10.4302477184
539 0.0 0.0756923215016 100 10.5263157895
539 0.00117971427259 0.078982709333 200 9.66183574879
539 0.00073356252011 0.119431979649 300 10.5633802817
539 0.0 0.129371670746 400 10.752688172
539 0.0 0.126400903715 500 10.1214574899
539 0.0 0.11473618671 600 9.85221674877
539 0.000174331174643 0.102094516022 700 10.0864553314
539 0.00020736955341 0.110039070286 800 10.4849279161
549 0.000401810737357 0.0429556930957 100 10.3092783505
549 0.00110660556502 0.0980045190734 200 9.70873786408
549 0.000741460965076 0.132176846784 300 10.6382978723
549 0.0 0.129380223512 400 10.752688172
549 0.0 0.122459929904 500 10.1214574899
549 0.0 0.109317365393 600 9.86842105263
549 0.000112251755791 0.100692937653 700 10.1302460203
549 0.00018833108267 0.109971055312 800 10.5263157895
559 0.00108308057166 0.0576335361329 100 9.90099009901
559 0.00111889542624 0.110698350515 200 9.70873786408
559 0.000767009887178 0.140648593428 300 10.7142857143
559 0.0 0.132522401298 400 10.6382978723
559 0.0 0.121770913002 500 10.101010101
559 0.0 0.107545369203 600 9.85221674877
559 0.000117426096225 0.103240242855 700 10.1596516691
559 0.000214864260299 0.115155594873 800 10.5540897098
569 0.00114675857024 0.0898208516051 100 9.52380952381
569 0.00109793716663 0.12535402374 200 9.75609756098
569 0.000702076846753 0.148260736881 300 10.7142857143
569 0.0 0.132564915565 400 10.498687664
569 0.0 0.116867700208 500 10.0806451613
569 0.0 0.105011529947 600 9.85221674877
569 0.0 0.103592598259 700 10.1892285298
569 0.000195341942101 0.117718045031 800 10.582010582
579 0.00107761143647 0.119891613309 100 9.25925925926
579 0.0010210272658 0.129893245721 200 9.85221674877
579 0.000606782990617 0.148537234191 300 10.6761565836
579 0.0 0.128326947769 400 10.3626943005
579 0.0 0.112383738372 500 10.060362173
579 0.0 0.101022546961 600 9.85221674877
579 0.0 0.104315737135 700 10.2189781022
579 0.000209464125427 0.119964509215 800 10.6241699867
589 0.00139663727563 0.117938453544 100 9.00900900901
589 0.000959302673574 0.130307406066 200 9.90099009901
589 0.000571456312621 0.151959964343 300 10.6382978723
589 0.0 0.132436114131 400 10.2301790281
589 0.0 0.111489190293 500 10.0401606426
589 0.0 0.101148864613 600 9.85221674877
589 0.0 0.104848186067 700 10.2639296188
589 0.000231062457776 0.121618810318 800 10.6524633822
599 0.00164711049765 0.106400557474 100 8.84955752212
599 0.000954737311982 0.133861015285 200 10.0502512563
599 0.0 0.149473771044 300 10.6007067138
599 0.0 0.141760295762 400 10.0755667506
599 0.0 0.117558616727 500 9.94035785288
599 0.0 0.105502880039 600 9.86842105263
599 0.0 0.108451512862 700 10.2941176471
599 0.000269339930368 0.125748607498 800 10.6809078772
609 0.00162340102785 0.103356850528 100 8.69565217391
609 0.000896299072311 0.136763409199 200 10.152284264
609 0.0 0.142918861379 300 10.6382978723
609 0.0 0.137412229919 400 10.0
609 0.0 0.116512025503 500 9.8231827112
609 7.20788819091e-05 0.107288737643 600 9.90099009901
609 3.48491810842e-05 0.11132012203 700 10.3397341211
609 0.000302366416309 0.129397669315 800 10.7238605898
619 0.00193193361995 0.104448966351 100 8.69565217391
619 0.000917475823188 0.14665155329 200 10.3092783505
619 0.0 0.146439866842 300 10.6761565836
619 0.0 0.138876972253 400 10.0
619 0.0 0.127256816356 500 9.72762645914
619 0.000135022600648 0.111690326853 600 9.93377483444
619 0.000172683850021 0.118291935452 700 10.3857566766
619 0.000328188206059 0.13631652628 800 10.7671601615
629 0.00195456161979 0.104726240451 100 8.77192982456
629 0.000923347187544 0.158593903738 200 10.4712041885
629 0.0 0.150609566562 300 10.752688172
629 0.0 0.141062694405 400 10.0
629 0.0 0.132246961628 500 9.70873786408
629 0.000167626163762 0.119794697282 600 9.98336106489
629 0.00021031299453 0.128780948077 700 10.4321907601
629 0.000334360147989 0.14669587052 800 10.8108108108
639 0.00183122149821 0.10342324922 100 8.92857142857
639 0.000805590400836 0.159894765432 200 10.6382978723
639 0.0 0.144693907915 300 10.8303249097
639 0.0 0.135496466317 400 10.0250626566
639 0.0 0.129173843349 500 9.72762645914
639 0.000198575709224 0.124029803195 600 10.0334448161
639 0.00024208081184 0.13528265797 700 10.4947526237
639 0.000335021193769 0.154494953724 800 10.854816825
649 0.00152847780483 0.101407309103 100 9.17431192661
649 0.000710692991875 0.152508669598 200 10.8695652174
649 0.0 0.13272926196 300 10.8695652174
649 0.0 0.122948592706 400 10.0755667506
649 0.0 0.116447866193 500 9.765625
649 0.000121046306874 0.116376180608 600 10.101010101
649 0.000228512965238 0.12982541658 700 10.5580693816
649 0.000315396810276 0.149540337701 800 10.9289617486
659 0.00111668849897 0.0874042368879 100 9.43396226415
659 0.000512045719998 0.13911010636 200 11.0497237569
659 0.0 0.112638820009 300 10.8695652174
659 0.0 0.103309360152 400 10.1265822785
659 0.0 0.103995316599 500 9.8231827112
659 0.0 0.110525155915 600 10.1694915254
659 0.000148284868449 0.126011421121 700 10.6382978723
659 0.00029135427903 0.148833098846 800 10.989010989
669 0.000873409375038 0.0846770282611 100 9.70873786408
669 0.000142736951131 0.13018265844 200 11.2359550562
669 0.0 0.101822496654 300 10.8303249097
669 0.0 0.0905221681967 400 10.1781170483
669 0.0 0.0985306069261 500 9.86193293886
669 0.0 0.107710580696 600 10.2564102564
669 0.000110635090046 0.124733367866 700 10.7033639144
669 0.000259502056683 0.14712884162 800 11.0650069156
679 0.000578460000321 0.0881269567166 100 10.101010101
679 0.0 0.127279313277 200 11.3636363636
679 0.0 0.092364036716 300 10.7913669065
679 0.0 0.0847964214545 400 10.2301790281
679 0.0 0.0922405003924 500 9.92063492063
679 0.0 0.104137163024 600 10.3270223752
679 0.0 0.120924354531 700 10.7858243451
679 0.000235916102126 0.143885640551 800 11.1265646732
689 0.0 0.0777895935606 100 10.4166666667
689 0.0 0.110191072545 200 11.4942528736
689 0.0 0.0724354582867 300 10.7142857143
689 0.0 0.0670515828221 400 10.2564102564
689 0.0 0.0800671493603 500 9.96015936255
689 0.0 0.0970242894198 600 10.3986135182
689 0.0 0.114898266705 700 10.8527131783
689 0.000184578292993 0.137687888789 800 11.1888111888
699 0.0 0.0740130576838 100 10.8695652174
699 0.0 0.102076744995 200 11.5606936416
699 0.0 0.0535673016544 300 10.6382978723
699 0.0 0.0573987721279 400 10.2827763496
699 0.0 0.0775428617502 500 10.0200400802
699 0.0 0.0996247801634 600 10.4712041885
699 0.0 0.117661373529 700 10.9204368175
699 0.000104024185162 0.139905217352 800 11.2676056338
709 0.0 0.063966305503 100 11.3636363636
709 0.0 0.0852805233911 200 11.6959064327
709 0.0 0.048798542336 300 10.5263157895
709 0.0 0.047895630587 400 10.2301790281
709 0.0 0.0778822879273 500 10.060362173
709 0.0 0.104957828741 600 10.5448154657
709 0.0 0.125403729896 700 10.9717868339
709 0.0 0.14907874806 800 11.3314447592
719 0.0 0.0639367170282 100 11.7647058824
719 0.0 0.0628684660921 200 11.8343195266
719 0.0 0.0486930883415 300 10.4895104895
719 0.0 0.043160080116 400 10.1265822785
719 0.0 0.0777689274856 500 10.1214574899
719 0.0 0.107062490879 600 10.6194690265
719 0.0 0.128277509113 700 11.0410094637
719 0.0 0.153589035578 800 11.3798008535
729 0.0 0.0586521318609 100 12.1951219512
729 0.0 0.0542550046353 200 11.9047619048
729 0.0 0.0413406829059 300 10.4529616725
729 0.0 0.0416325445071 400 10.0250626566
729 0.0 0.0801703495225 500 10.183299389
729 0.0 0.112992080614 600 10.6761565836
729 0.0 0.134364012971 700 11.0935023772
729 0.0 0.159363763867 800 11.4449213162
739 0.0 0.0567442288995 100 12.6582278481
739 0.0 0.0582961467488 200 11.9760479042
739 0.0 0.0412630974752 300 10.4529616725
739 0.0 0.0458560602431 400 9.95024875622
739 0.0 0.0836861974614 500 10.2249488753
739 0.0 0.117190631323 600 10.7334525939
739 0.0 0.139576873092 700 11.1464968153
739 0.0 0.165445721035 800 11.4942528736
749 0.0 0.0558463406679 100 12.987012987
749 0.0 0.0710154475148 200 11.9760479042
749 0.0 0.0411081788095 300 10.4166666667
749 0.0 0.0494753843292 400 9.92555831266
749 0.0 0.0894036196998 500 10.2669404517
749 0.0 0.122884154306 600 10.7913669065
749 0.0 0.147147136252 700 11.1821086262
749 0.0 0.173988028909 800 11.5273775216
759 0.0 0.047886390074 100 13.1578947368
759 0.0 0.109590109796 200 11.8343195266
759 0.0 0.0538210629731 300 10.3448275862
759 0.0 0.0449432971679 400 9.90099009901
759 0.0 0.0829717908622 500 10.2880658436
759 0.0 0.116250985412 600 10.8303249097
759 0.0 0.144044654772 700 11.2179487179
759 0.0 0.171930894265 800 11.5774240232
769 0.0 0.0509425563626 100 13.1578947368
769 0.0 0.126407744176 200 11.4285714286
769 0.0 0.0504202873122 300 10.2739726027
769 0.0 0.0492321364852 400 9.87654320988
769 0.0 0.0878221644777 500 10.3305785124
769 0.0 0.121000189829 600 10.8499095841
769 0.0 0.148859353109 700 11.2540192926
769 0.0 0.176856498423 800 11.611030479
779 0.0 0.0540114103305 100 12.6582278481
779 0.0 0.128639468159 200 10.989010989
779 0.0 0.0452235310125 300 10.2040816327
779 0.0 0.0558048008417 400 9.82800982801
779 0.0 0.0973248327702 500 10.3519668737
779 0.0 0.128823892667 600 10.8695652174
779 0.0 0.15757864736 700 11.2721417069
779 0.0 0.184378659703 800 11.6279069767
789 0.000357268855427 0.0579814108115 100 12.1951219512
789 0.0 0.136461387402 200 10.4712041885
789 0.0 0.0499460224242 300 10.067114094
789 0.0 0.0572704007857 400 9.77995110024
789 0.0 0.0994858006594 500 10.3734439834
789 0.0 0.129483550368 600 10.889292196
789 0.0 0.159406076 700 11.2903225806
789 0.0 0.185374487768 800 11.6448326055
799 0.0 0.0739356608948 100 11.7647058824
799 0.0 0.127432252082 200 10.0
799 0.0 0.052187455473 300 9.77198697068
799 0.0 0.0616501906808 400 9.75609756098
799 0.0 0.104182578248 500 10.3734439834
799 0.0 0.131106854644 600 10.889292196
799 0.0 0.162113064305 700 11.3085621971
799 0.0 0.18529463941 800 11.6279069767
809 0.0 0.108879690748 100 11.3636363636
809 0.0 0.113838258963 200 9.70873786408
809 0.0 0.044776555866 300 9.40438871473
809 0.0 0.0684842950982 400 9.73236009732
809 0.0 0.110984642608 500 10.395010395
809 0.0 0.138418839339 600 10.889292196
809 0.0 0.169976434361 700 11.3085621971
809 0.0 0.191604053595 800 11.5273775216
819 0.0 0.127458119234 100 11.2359550562
819 0.0 0.0845075183484 200 9.52380952381
819 0.0 0.0373289864469 300 9.23076923077
819 0.0 0.0807099618137 400 9.70873786408
819 0.0 0.120946080791 500 10.395010395
819 0.0 0.146559285631 600 10.9090909091
819 0.0 0.177180486418 700 11.3268608414
819 0.0 0.200300980453 800 11.2834978843
829 0.0 0.168962498629 100 10.8695652174
829 0.0 0.0728956216021 200 9.34579439252
829 0.0 0.0416080486753 300 9.14634146341
829 0.0 0.0882699064167 400 9.73236009732
829 0.0 0.12732493615 500 10.4166666667
829 0.0 0.15528401065 600 10.9090909091
829 0.0 0.185050157549 700 11.3452188006
829 0.0 0.202827178896 800 11.1111111111
839 0.0 0.225570320631 100 10.2040816327
839 0.0 0.0696680023858 200 9.25925925926
839 0.0 0.0476856850262 300 9.09090909091
839 0.0 0.0963432139829 400 9.75609756098
839 0.0 0.134882449151 500 10.4384133612
839 0.0 0.163294469096 600 10.9489051095
839 0.0 0.194744359738 700 11.3636363636
839 0.0 0.201501490092 800 11.0344827586
849 0.0 0.231080637053 100 9.80392156863
849 0.0 0.0516783264254 200 9.21658986175
849 0.0 0.0581691588368 300 9.09090909091
849 0.0 0.109342811296 400 9.80392156863
849 0.0 0.144642872191 500 10.5042016807
849 0.0 0.174885727975 600 10.989010989
849 0.0 0.203668584907 700 11.4192495922
849 0.0 0.214115150511 800 10.9739368999
859 0.0 0.234354635595 100 9.43396226415
859 0.0 0.0484742665946 200 9.21658986175
859 0.0 0.0667041359051 300 9.11854103343
859 0.0 0.11908202469 400 9.87654320988
859 0.0 0.152267442297 500 10.5708245243
859 0.0 0.184195008618 600 11.0497237569
859 0.0 0.212200768245 700 11.4754098361
869 0.0 0.20395813382 100 9.09090909091
869 0.0 0.0367877241945 200 9.17431192661
869 0.0 0.0814123880219 300 9.14634146341
869 0.0 0.132888702509 400 9.95024875622
869 0.0 0.162566308593 500 10.6382978723
869 0.0 0.19256762043 600 11.1317254174
869 0.0 0.218530951358 700 11.5321252059
879 0.0 0.15689590359 100 8.69565217391
879 0.0 0.036503145953 200 9.04977375566
879 0.0 0.0866942477418 300 9.17431192661
879 0.0 0.132360770823 400 10.0250626566
879 0.0 0.158494838084 500 10.6837606838
879 0.0 0.188569630821 600 11.1731843575
879 0.0 0.210758979926 700 11.5702479339
889 0.0 0.0578800084038 100 8.40336134454
889 0.0 0.0710513705489 200 8.77192982456
889 0.00038748825744 0.105202792961 300 9.20245398773
889 0.000379659286129 0.131852804222 400 10.0755667506
889 0.00051916379222 0.15753674781 500 10.7296137339
889 0.000468996516668 0.179765990124 600 11.2359550562
889 0.000305976226017 0.19682599419 700 11.5702479339
899 0.0 0.0478894765426 100 8.26446280992
899 0.0 0.0744950131703 200 8.51063829787
899 0.000342933168316 0.110081867785 300 9.23076923077
899 0.000357592192421 0.134333634207 400 10.1265822785
899 0.000498616609885 0.159776944034 500 10.775862069
899 0.000454718543816 0.180631725919 600 11.2781954887
899 0.000230039203652 0.19889783919 700 11.4566284779
909 0.0 0.0385715434072 100 8.13008130081
909 0.0 0.0739125887389 200 8.40336134454
909 0.000313505515681 0.110576501193 300 9.28792569659
909 0.000359209672914 0.134510256612 400 10.1781170483
909 0.000487168466814 0.15972346232 500 10.8225108225
909 0.000445933435135 0.180244974435 600 11.320754717
909 0.0 0.19715143245 700 11.2359550562
919 0.0 0.0371555650532 100 8.13008130081
919 0.0 0.0747984461808 200 8.40336134454
919 0.000148947315699 0.109959712413 300 9.34579439252
919 0.000327307472277 0.128966007463 400 10.2564102564
919 0.000456211668787 0.152260551329 500 10.8932461874
919 0.000423645902701 0.170082468031 600 11.385199241
919 0.000127694575825 0.180534916089 700 11.1287758347
929 0.0 0.0626498973829 100 8.19672131148
929 0.0 0.100610367936 200 8.47457627119
929 0.0 0.132486813015 300 9.46372239748
929 0.0 0.147261958288 400 10.3626943005
929 0.000301894962858 0.165649901559 500 10.989010989
929 0.000310391870605 0.177562679376 600 11.4722753346
929 0.0 0.180971810149 700 11.1111111111
939 0.0 0.0848167803517 100 8.40336134454
939 0.0 0.123424374693 200 8.58369098712
939 0.0 0.152967995818 300 9.61538461538
939 9.67200178082e-05 0.167888024454 400 10.498687664
939 0.000332962469609 0.184554564147 500 11.1111111111
939 0.000281216199816 0.195449184898 600 11.583011583
939 0.0 0.194504526647 700 11.1464968153
949 0.0 0.106046774671 100 8.62068965517
949 0.0 0.144304912747 200 8.69565217391
949 0.0 0.169765772966 300 9.77198697068
949 0.000211700203624 0.185068212494 400 10.6382978723
949 0.000360473138006 0.200511774246 500 11.2359550562
949 0.000297633885958 0.209942059635 600 11.71875
949 0.0 0.191316621913 700 11.1464968153
959 0.0 0.123926562349 100 8.77192982456
959 0.0 0.149952097948 200 8.84955752212
959 0.0 0.169218334506 300 9.90099009901
959 0.000150751799454 0.181888875458 400 10.781671159
959 0.000322206688675 0.195090311923 500 11.3636363636
959 0.000209683250513 0.203362251916 600 11.811023622
959 0.0 0.176529220373 700 11.1464968153
969 0.0 0.161314295228 100 9.00900900901
969 0.0 0.181517547124 200 8.96860986547
969 0.0 0.197377885919 300 10.067114094
969 0.000347821965162 0.210803730915 400 10.9289617486
969 0.000400607202266 0.223406647866 500 11.4678899083
969 0.000265953031752 0.230642455891 600 11.9284294235
979 0.0 0.109750181393 100 9.17431192661
979 0.0 0.141900283567 200 9.13242009132
979 0.000301230603247 0.160167222065 300 10.2739726027
979 0.00048666029683 0.177014470047 400 11.08033241
979 0.000476392332084 0.192108320614 500 11.6279069767
979 0.000375697478368 0.203242963849 600 12.0481927711
989 0.0 0.0531834318166 100 9.34579439252
989 0.000389712266108 0.0827237076674 200 9.3023255814
989 0.000389333506902 0.101804850653 300 10.4529616725
989 0.000501297702994 0.120409902879 400 11.2359550562
989 0.00048928682013 0.138504603079 500 11.7647058824
989 0.000382327267754 0.151590062848 600 12.1703853955
999 0.0 0.0433439876136 100 9.17431192661
999 0.000314507549105 0.07159395278 200 9.47867298578
999 0.000323450281493 0.0898998225059 300 10.6382978723
999 0.000493247072616 0.10939833907 400 11.396011396
999 0.000468879617644 0.128548676999 500 11.9047619048
999 0.000294659843368 0.142466836826 600 12.2699386503
1009 0.0 0.0356664871379 100 8.92857142857
1009 0.00035061692443 0.07865562477 200 9.66183574879
1009 0.000370608074827 0.0944878411249 300 10.7913669065
1009 0.000506380096384 0.11401788271 400 11.5273775216
1009 0.000482274695926 0.132089474725 500 12.0192307692
1009 0.000252946074225 0.14620994558 600 12.2950819672
1019 0.0 0.0364015000256 100 8.69565217391
1019 0.000271221666522 0.0817212163934 200 9.75609756098
1019 0.000338859283655 0.0940758655703 300 10.9090909091
1019 0.000500870866532 0.112839160705 400 11.6279069767
1019 0.000466642128648 0.128839207668 500 12.1359223301
1019 0.000198511953646 0.143089949404 600 12.1951219512
1029 0.0 0.0529746277098 100 8.62068965517
1029 0.000319697110445 0.0908445298278 200 9.90099009901
1029 0.00037282181539 0.100156495804 300 11.0294117647
1029 0.000512015202936 0.117718601832 400 11.7302052786
1029 0.000496621095833 0.131268390777 500 12.2249388753
1029 7.46115004362e-05 0.143321565985 600 11.9760479042
1039 0.0 0.0398638783592 100 8.62068965517
1039 0.000424750700398 0.0796896892268 200 10.0
1039 0.000453097237211 0.0914929876917 300 11.1524163569
1039 0.000552611392239 0.111411270042 400 11.8343195266
1039 0.00049448955176 0.127088939574 500 12.315270936
1039 0.000208087453092 0.137598371134 600 11.8343195266
1049 0.000540388286152 0.0569562889715 100 8.62068965517
1049 0.000495183634722 0.0937759365015 200 10.152284264
1049 0.000511180536419 0.105848731241 300 11.2781954887
1049 0.000556525429464 0.125380922429 400 11.9402985075
1049 0.000500508664069 0.140217209687 500 12.4069478908
1049 0.000275631082788 0.14816721355 600 11.7878192534
1059 0.0 0.0854767042242 100 8.69565217391
1059 0.000432856264604 0.115832004799 200 10.3092783505
1059 0.000553492644863 0.127238300468 300 11.4068441065
1059 0.000581657740287 0.144761697201 400 12.0481927711
1059 0.000466764042087 0.156927132637 500 12.5313283208
1059 0.000241672773892 0.15786676126 600 11.71875
1069 0.0 0.0706443966977 100 8.77192982456
1069 0.000464152604349 0.0973914116874 200 10.4712041885
1069 0.000575848024163 0.111223813243 300 11.5384615385
1069 0.000581967747206 0.131065401784 400 12.1580547112
1069 0.000439931364523 0.144809845824 500 12.6262626263
1069 0.00017012835902 0.135347858115 600 11.6504854369
1079 0.0 0.0874029532692 100 8.84955752212
1079 0.000500969613508 0.104893482918 200 10.6382978723
1079 0.000607954755772 0.117286328395 300 11.71875
1079 0.000580648858901 0.135762355971 400 12.2699386503
1079 0.000410993100013 0.147716273623 500 12.7226463104
1089 0.000638287757702 0.0845766923902 100 9.00900900901
1089 0.000499413969 0.0999644197675 200 10.8695652174
1089 0.000607648116152 0.115968246033 300 11.8577075099
1089 0.000573636670827 0.135181987167 400 12.4223602484
1089 0.000431093824279 0.147652164811 500 12.853470437
1099 0.000596944374218 0.0653308913422 100 9.34579439252
1099 0.000339359808191 0.0859462719532 200 11.1731843575
1099 0.000546636748115 0.105355420454 300 12.0967741935
1099 0.000486106314548 0.125684204121 400 12.61829653
1099 0.000350472517387 0.138255841877 500 12.987012987
1109 0.0 0.0662570681578 100 9.80392156863
1109 0.000342378339041 0.0758292707077 200 11.4942528736
1109 0.000557719459447 0.09331019174 300 12.3456790123
1109 0.000511761097764 0.111566613495 400 12.8617363344
1109 0.000260301822435 0.124944940147 500 13.1233595801
1119 0.0 0.106285435203 100 10.3092783505
1119 0.000289190300935 0.103056212636 200 11.9047619048
1119 0.00051842529978 0.115490013392 300 12.6582278481
1119 0.000499659574207 0.128657459601 400 13.0718954248
1119 0.000153251990571 0.140357470943 500 13.2625994695
1129 0.0 0.0660684188771 100 10.752688172
1129 0.000264412932081 0.0611320190898 200 12.2699386503
1129 0.000490596181004 0.0757192238486 300 12.9310344828
1129 0.000456679807811 0.0910448917363 400 13.3333333333
1129 0.000122222175577 0.104474945767 500 13.2625994695
1139 0.0 0.037576858702 100 11.2359550562
1139 0.000124381289494 0.040095005777 200 12.5786163522
1139 0.000435256088417 0.0561045399794 300 13.1578947368
1139 0.000414346574184 0.0716858565087 400 13.5135135135
1139 0.0 0.0842133550096 500 13.0548302872
1149 0.0 0.0381839272377 100 11.6279069767
1149 0.000232374201077 0.0428151835564 200 12.9032258065
1149 0.000453360949206 0.0598349879898 300 13.3333333333
1149 0.000411773816012 0.074173583028 400 13.698630137
1149 0.000188162055187 0.0876985365882 500 12.8205128205
1159 0.0 0.0380889489377 100 11.9047619048
1159 0.000240857654553 0.0380248136352 200 13.0718954248
1159 0.000428878294984 0.0529529678379 300 13.5135135135
1159 0.000387298864566 0.0658288731858 400 13.8408304498
1159 0.000235173458918 0.0776264222053 500 12.6903553299
1169 0.000332124232613 0.0471052546422 100 12.3456790123
1169 0.000441996421763 0.0575718885188 200 13.3333333333
1169 0.000556522868988 0.0718365893045 300 13.698630137
1169 0.00042601147259 0.0844480624069 400 13.93728223
1169 0.000343870399331 0.0878487021696 500 12.5944584383
1179 0.000334833904823 0.0498789353701 100 12.6582278481
1179 0.000489253640586 0.0602365384723 200 13.6054421769
1179 0.000562819961046 0.0763021409747 300 13.8248847926
1179 0.000402344332924 0.0880512838113 400 14.0845070423
1179 0.000204415351956 0.0913283270374 500 12.4688279302
1189 0.000535218455141 0.0438639764086 100 12.987012987
1189 0.000562266062856 0.0527076052909 200 13.7931034483
1189 0.000586849706331 0.0664030888006 300 14.0186915888
1189 0.000360882303366 0.077200925974 400 14.2348754448
1199 0.000419501243896 0.0390508177035 100 13.3333333333
1199 0.000446474379353 0.0428518468741 200 13.986013986
1199 0.000506845965126 0.051885106568 300 14.1509433962
1199 0.000323011411803 0.0601132162644 400 14.2857142857
1209 0.000558350995113 0.0393364364459 100 13.698630137
1209 0.000574828179343 0.0393495080777 200 14.0845070423
1209 0.000542308418575 0.0488388565318 300 14.2180094787
1209 0.00024335107025 0.0565308619281 400 14.2857142857
1219 0.000343044233011 0.0372885484001 100 13.8888888889
1219 0.000541928379513 0.0387595884516 200 14.1843971631
1219 0.000488234901684 0.0496289392688 300 14.3540669856
1219 0.0 0.0600219108952 400 14.0350877193
1229 0.000198199420603 0.0350425845542 100 14.0845070423
1229 0.000510794731184 0.0435566821131 200 14.2857142857
1229 0.000480045667242 0.0562974002492 300 14.4230769231
1229 6.62078183215e-05 0.069171792628 400 13.3779264214
1239 0.000332889123098 0.0361109808176 100 14.2857142857
1239 0.000540379737426 0.0456257809209 200 14.2857142857
1239 0.000455611339245 0.0566375264012 300 14.4927536232
1239 0.000283042279898 0.0685046474364 400 12.9032258065
1249 0.000392458706772 0.0351759793961 100 14.2857142857
1249 0.000539770840948 0.0504020636061 200 14.3884892086
1249 0.000377980251391 0.0617190233181 300 14.4927536232
1249 0.000214081227748 0.0704648208046 400 12.61829653
1259 0.000575401428567 0.0418435220343 100 14.2857142857
1259 0.000585588484984 0.0601418378739 200 14.3884892086
1259 0.000344148472356 0.0701957213445 300 14.5631067961
1259 0.0 0.0697950332487 400 12.2699386503
1269 0.000633220682851 0.0490710349789 100 14.2857142857
1269 0.000529055375819 0.0668522606948 200 14.3884892086
1269 0.000307190069694 0.0759979856735 300 14.4927536232
1279 0.000723052379473 0.0533861823411 100 14.2857142857
1279 0.000527057968271 0.0694744594327 200 14.3884892086
1279 0.000173901118531 0.0784426783872 300 14.4230769231
1289 0.000751488852021 0.0525526203659 100 14.0845070423
1289 0.000534760506728 0.0643089805139 200 14.3884892086
1289 0.0 0.0747880369983 300 14.0186915888
1299 0.000746311172824 0.0548121162237 100 14.0845070423
1299 0.000581250560767 0.0630525804598 200 14.3884892086
1299 0.0 0.0740488274406 300 13.0434782609
1309 0.000638355912808 0.0539383121879 100 14.0845070423
1309 0.000456070765362 0.0590124996421 200 14.4927536232
1309 0.000312768827759 0.0694770357441 300 12.3966942149
1319 0.000560639779985 0.0577884297491 100 14.0845070423
1319 0.00030649407461 0.0610934433349 200 14.4927536232
1319 8.5646121386e-05 0.0667075284316 300 12.0481927711
1329 0.00052847331719 0.0518989630056 100 14.0845070423
1329 9.20682765128e-05 0.0542961420365 200 14.4927536232
1329 0.0 0.0453388493503 300 11.583011583
1339 0.000468850871854 0.0575616116123 100 14.0845070423
1339 0.000108247727174 0.0600386433751 200 14.4927536232
1349 0.000394255826489 0.0444269487291 100 14.2857142857
1349 0.0 0.0526270508203 200 14.3884892086
1359 0.000355834850836 0.0448015882892 100 14.2857142857
1359 0.0 0.0528620209495 200 13.698630137
1369 0.00044798900938 0.0429572342688 100 14.4927536232
1369 0.000468862671852 0.048053771918 200 12.3456790123
1379 0.0 0.042606154453 100 14.4927536232
1379 0.000536034204828 0.0503715165278 200 11.5606936416
1389 0.0 0.0383883366625 100 14.4927536232
1389 0.000447321677197 0.0295314306002 200 11.1111111111
1399 0.000174108960078 0.0399591713458 100 14.4927536232
1409 0.000125086998162 0.0425393318129 100 14.4927536232
1419 0.0 0.0522350867503 100 14.0845070423
1429 0.000704703117033 0.0538194961095 100 12.5
1439 0.00109130608352 0.0580694424704 100 10.3092783505
1449 0.00100575880935 0.0662112362436 100 9.25925925926
1459 0.0 0.0672448794036 100 8.62068965517
